295390
310586
317209
372643
379630
390038
390961
406369
424892
429084
429414
439972
441,012
443416
443573
451963
452924
453579
454255
454948
456715
461483
462516
464372
465480
466012
467924
468406
470237
474794
475486
476699
482044
485168
485255
486044
487739
491723
492431
493201
500736
501725
503828
507169
507197
511532
514231
518387
520450
520843
521936
530078
534871
537453
538425
538531
539061
539499
539842
540987
541020
544512
544745
546688
547739
551403
553909
557109
566258
567719
568883
571763
574941
580036
586156
587858
588970
589530
589588
593514
594147
604277
609537
610929
614395
616761
621064
621884
623225
623431
625017
626568
628511
629625
629683
632928
633099
633255
634774
635292
635935
636727
642089
642396
644748
644874
646050
648222
648799
650095
650191
652685
654098
654177
657563
661980
663460
664623
664837
670881
679717
680224
682355
687748
691003
692557
692840
693566
693709
696036
696095
696392
696945
697973
698085
698182
699296
705664
716465
717683
718790
725550
727403
735369
738721
738944
739915
744845
749891
750247
751045
751583
752931
754844
754957
755384
759412
759412
761780
763496
764398
765279
768066
768267
768403
772560
772834
773335
777348
778575
781844
783841
786426
787629
787753
788179
798553
802285
802289
805768
807647
810771
812489
814790
815579
816750
817363
818785
821406
821710
822737
824114
824494
825615
834190
837664
838537
841551
845764
846690
849965
851819
851944
852135
861967
861968
863619
869946
870766
871121
874123
875473
877251
879914
881731
882332
882485
883197
883734
883881
884227
884583
886208
889050
891572
896476
899930
900839
905707
907742
909168
910221
910419
912408
914055
915270
915534
916989
917284
918108
922379
923234
926306
929232
931355
933431
933701
934523
935102
939054
941101
945226
947182
949909
951609
951635
954293
962085
965072
966738
969505
969552
971008
972791
974712
975296
977054
978696
981023
981815
993193
995217
995529
1000657
1003402
1007209
1009736
1012198
1013335
1015081
1020026
1021580
1022356
1030643
1032568
1035300
1035632
1035822
1037034
1037203
1040824
1044801
1056573
1061725
1062435
1066315
1067961
1070471
1074632
1074734
1075979
1079083
1080507
1083934
1086227
1092491
1097641
1097825
1099200
1106884
1108588
1109736
1115848
1121896
1122200
1125642
1130574
1136964
1140805
1141837
1147733
1148039
1150487
1150838
1152767
1155384
1155802
1155802
1157041
1158476
1162438
1163982
1168858
1169302
1169473
1170878
1171775
1172843
1174358
1174912
1174953
1174953
1177720
1178829
1180318
1180586
1185521
1192839
1197237
1204642
1208788
1208974
1214569
1225738
1226716
1235515
1248871
1250854
1261096
1279837
1280872
1307575
1307674
1314349
1319428
1356526
1368217
1373440
1374367
1374754
1392814
1403593
1415272
1437289
1456882
1462885
1466161
1470220
1518449
1524134
1539572
1559759
1565783
1593896
1617542
1647560
1680539
1689587
1699220
1712528
1719077
1725335
1725518
1727696
1730159
1745744
1749935
1750769
1753004
1757817
1769848
1777132
1797769
1816771
1833688
1836391
1836709
1862685
1863258
1881024
1884876
1897185
1899543
1911705
1923720
1932768
1935087
1952409
1955310
1972710
2003268
2014350
2015565
2118693
2122509
2245005
2259114
2262240
2294363
2315330
2317844
2377496
2395115
2457893
1045076
1045495
1054103
1068734
1071203
1105485
1112414
1120649
1124575
1133669
1144644
1144769
1151872
1160175
1175811
1212952
1214206
1279342
1283308
1287466
1343416
1397737
1478257
1482613
1482826
1485604
1568558
1577963
1643540
1700591
1702220
1728932
1749935
2051046
2074956
2105733
2122782
429296
445934
466012
468037
470055
474189
490589
490958
491826
494729
512899
522155
548402
559927
569601
583739
588130
612585
613500
615884
615942
629323
638494
639852
642795
650191
653346
655048
655058
666520
690236
695995
698268
709301
719487
721326
723433
754018
767165
809662
813206
819023
819745
824824
835675
847587
863206
907632
917897
920156
926909
927643
947028
953535
956061
957737
962682
965961
972791
980145
993310
993871
995121